A=[1 8 7];
B=[69 85 37];
C=A/B;
C